1
0.30,227.69,216.22,182.60
0.26, 57.57, 57.33, 42.48
0.18,188.52,183.26,168.21
0.14,245.48,247.28,239.09
0.12,156.74,131.29,104.83
10
0.39,236.17,236.59,198.35
0.28,218.65,129.02, 52.81
0.12, 68.68,153.16,173.05
0.11, 16.97,  9.59, 47.19
0.10, 23.66, 77.65,119.89
11
0.29, 79.87, 92.58,150.16
0.25,114.32,131.00,177.11
0.18, 55.66, 71.56,106.21
0.16, 27.74, 38.32, 61.88
0.12,165.64,180.56,214.18
12
0.30, 45.81, 29.17, 27.64
0.24,  1.20, 42.84,108.81
0.18,226.98,126.91, 29.38
0.17,163.48, 82.05, 31.27
0.12,249.80,198.13, 71.88
13
0.46,253.50,253.70,253.41
0.16,202.12, 93.99, 62.71
0.15, 96.89, 83.60,178.32
0.13, 53.46, 75.68, 69.47
0.09,202.46, 89.88,195.94
14
0.48,240.83,181.57,181.79
0.19,252.70,249.92,249.89
0.18, 94.02,107.12,143.89
0.09,239.26,222.27,225.21
0.06,158.78,161.01,185.67
15
0.33,168.44, 38.00, 89.59
0.24, 27.79,  6.41, 51.64
0.19,193.34,194.49,176.55
0.17, 35.26, 41.15,103.52
0.08, 58.09,115.12,145.03
2
0.62,228.49,211.11,187.48
0.12,217.37,192.41,169.08
0.10, 95.66,108.04,141.41
0.10, 45.63, 38.28, 45.27
0.07, 79.48, 75.69, 99.49
3
0.68,254.85,254.70,254.67
0.18, 53.22, 35.79, 28.70
0.05,206.28, 59.58, 49.45
0.05,133.56,103.03, 92.01
0.04,215.74,180.73,170.82
4
0.32, 44.38, 73.10, 77.18
0.31,186.86,173.37,176.18
0.16, 59.97, 90.07, 95.92
0.13, 32.01, 29.59, 27.35
0.08,116.76,106.78,106.43
5
0.53,235.30,226.84,197.83
0.16,189.01,123.09, 83.28
0.11,217.32,188.24,160.73
0.10,119.21,150.88,165.26
0.10, 47.66, 32.89, 25.12
6
0.48, 92.99,187.13,101.37
0.21, 51.40,168.29, 70.74
0.13,146.33, 26.59, 45.20
0.12, 42.97,152.68, 60.79
0.05, 27.23,125.48, 46.78
7
0.30, 83.08, 37.15, 31.28
0.24,206.16,210.28,199.94
0.21,234.55,238.15,234.93
0.16,160.99,168.70,157.92
0.10,195.29,142.03, 99.23
8
0.51,136.06,183.25, 83.02
0.19, 50.86,102.44,122.29
0.17, 49.54, 50.45, 57.96
0.08,200.45, 57.18, 57.79
0.05,129.37, 60.36, 60.36
9
0.51,239.18,215.37,183.90
0.25, 58.69, 59.46, 66.87
0.09,121.70,132.49,137.85
0.08,248.08,239.50,218.66
0.06,250.64,250.45,246.12
